Orientation Sensor Raw Data Test

Current Temperature: 30 C

Calibration status values: 0=uncalibrated, 3=fully calibrated
time	eul_z	eul_y	eul_x	linA_x	linA_y	linA_z	cal_sys	cal_gyr	cal_acc	cal_mag
1161	0.00	0.00	0.00	0.00	0.00	0.00	
135	0.00	0.00	0.00	0.00	0.00	0.00	
109	0.00	0.00	0.00	0.00	0.00	0.00	
108	0.00	0.00	0.00	0.00	0.00	0.00	
107	0.00	0.00	0.00	0.00	0.00	0.00	
110	336.63	-29.06	8.88	6.14	4.05	-9.89	
109	309.38	-31.62	8.75	20.49	15.16	-19.69	
110	266.81	-16.06	-21.31	23.17	13.47	-14.88	
109	238.38	18.81	-38.56	6.68	1.60	-5.42	
108	225.88	44.56	-45.88	-6.59	-1.51	-1.08	
109	212.06	61.25	-46.25	-13.42	-2.97	-0.10	
111	186.88	81.69	-10.06	-22.52	-4.04	5.01	
108	187.25	81.87	-61.19	-27.22	-7.00	6.96	
109	187.75	63.00	-62.94	-19.86	-16.61	4.73	
110	183.88	55.38	-47.75	-10.23	-23.42	2.95	
109	187.00	54.75	-23.56	-9.16	-20.01	-0.08	
108	199.63	60.31	3.31	-7.85	-7.61	-2.75	
109	201.38	64.00	56.13	-5.81	4.17	-3.35	
110	195.00	52.00	100.37	-8.59	10.19	0.69	
111	187.31	37.19	128.38	-12.15	12.05	8.77	
107	293.44	16.81	145.63	-12.98	11.50	16.03	
110	303.25	1.19	160.69	-12.05	10.62	19.06	
109	307.13	-3.50	171.75	-11.89	7.98	20.15	
108	310.69	3.50	-179.00	-10.34	4.59	20.79	
109	10.56	20.19	-168.31	-11.39	2.70	19.26	
110	48.88	45.44	-167.31	-16.04	3.67	15.55	
107	30.81	70.94	-173.13	-18.98	5.42	12.38	
108	31.75	74.69	-72.06	-18.81	6.19	8.27	
111	40.88	43.50	-65.06	-13.80	3.13	2.19	
109	61.88	6.44	-75.06	-4.67	-2.83	-1.59	
110	73.87	-15.13	-80.37	4.43	-6.65	-3.14	
107	98.94	-34.63	-92.19	12.21	-7.40	-2.92	
108	131.13	-55.44	-111.56	20.76	-9.67	-0.98	
109	151.75	-67.69	-148.38	26.30	-11.36	-1.52	
110	173.00	-68.06	177.13	28.32	-8.60	-5.31	
109	196.31	-79.06	170.38	28.98	-8.53	-5.58	
110	191.69	-68.37	-76.19	25.68	-12.42	-0.59	
109	169.44	-40.25	-69.62	17.68	-13.91	2.15	
108	130.44	-15.63	-68.12	9.11	-12.23	0.41	
111	92.81	0.37	-60.31	1.38	-9.19	-2.69	
109	77.12	-0.56	-47.88	-2.08	-5.03	-6.31	
110	80.37	-16.37	-37.56	1.01	-0.64	-9.57	
107	91.31	-44.06	-14.44	8.30	8.02	-12.46	
108	98.06	-67.31	20.00	15.84	16.85	-13.95	
109	120.69	-72.87	70.56	19.97	18.21	-10.60	
110	161.94	-64.00	75.81	19.44	16.52	-5.98	
111	202.75	-55.94	60.81	17.17	15.49	-4.38	
109	243.75	-56.69	29.44	15.55	12.77	0.15	
110	277.19	-79.56	-60.94	10.52	5.25	8.77	
107	341.88	-26.06	-151.13	0.53	1.66	18.52	
110	352.56	-23.37	-162.63	-6.47	4.40	25.58	
109	317.31	-33.06	-178.50	1.07	7.49	27.54	
110	248.06	-29.69	-177.44	13.46	8.92	20.92	
107	170.56	-48.25	-171.19	17.65	8.01	6.93	
108	155.50	-75.00	170.69	17.82	7.02	-4.43	
109	143.88	-88.69	179.19	20.90	5.69	-12.05	
111	132.38	-71.56	-43.19	22.02	2.62	-16.50	
110	125.12	-49.63	-68.31	16.54	-0.98	-11.46	
107	101.56	-17.87	-91.31	7.70	-5.70	-2.34	
108	62.88	20.50	-100.25	-1.37	-9.56	2.73	
107	50.25	43.38	-113.75	-8.70	-8.68	7.94	
108	61.50	43.56	-132.81	-14.34	-5.86	12.96	
107	75.94	34.81	-146.75	-22.17	-4.18	16.65	
110	94.50	29.62	-142.38	-27.56	-5.65	18.46	
109	74.00	36.44	-129.88	-23.69	-5.22	17.70	
108	49.81	35.25	-109.75	-15.09	-4.82	15.88	
109	40.63	16.37	-97.75	-6.18	-7.28	12.97	
111	58.00	-21.87	-95.06	4.53	-4.69	8.24	
110	91.44	-60.94	-86.94	16.16	2.70	-2.49	
109	114.19	-70.31	-14.44	16.20	7.47	-12.65	
108	123.19	-67.87	26.56	10.20	10.76	-17.91	
107	140.50	-63.75	52.75	9.61	15.60	-19.85	
108	170.31	-52.94	62.50	14.21	20.05	-15.82	
109	203.38	-43.50	46.69	16.69	19.12	-9.52	
110	225.31	-37.81	26.25	15.52	13.88	-4.85	
111	244.44	-28.12	4.44	12.88	8.18	-8.61	
109	279.75	-16.37	-21.06	10.55	1.57	-12.95	
108	327.94	-9.50	-46.88	14.63	-4.05	-13.69	
109	4.31	-12.00	-75.81	19.25	-10.55	-13.14	
110	1.25	3.56	-92.00	15.09	-17.84	-3.43	
109	338.69	30.87	-64.00	5.85	-16.18	1.89	
108	330.69	41.63	-25.94	0.28	-6.85	-4.50	
107	310.31	36.13	2.00	-2.74	0.06	-16.57	
108	296.44	26.50	9.56	-4.57	2.54	-28.20	
111	278.13	29.37	-5.19	-4.29	-0.05	-26.99	
110	262.13	43.88	-16.87	-5.88	-3.17	-17.13	
111	239.63	58.31	-21.50	-5.91	-2.62	-8.72	
107	230.13	78.06	-132.06	-1.99	-1.27	1.60	
108	198.31	-15.69	-153.13	10.58	-3.49	10.63	
109	160.75	-70.19	-33.44	24.29	-6.19	0.17	
108	133.13	-32.56	-5.00	18.57	-4.98	-23.92	
109	106.62	-44.25	-44.81	6.47	-2.81	-31.46	
110	71.81	-27.94	-115.25	0.87	-1.38	-16.69	
107	191.19	4.56	-170.75	0.66	3.71	1.08	
108	186.19	-17.06	146.25	11.57	5.95	7.32	
111	244.75	-43.38	80.25	19.23	8.42	-2.30	
109	246.75	-13.25	46.06	15.48	12.35	-14.86	
110	241.13	5.31	36.00	8.70	13.51	-15.10	
107	223.00	9.25	38.13	2.97	12.40	-10.79	
108	197.81	0.00	44.75	0.57	12.49	-10.54	
109	160.88	-23.69	51.94	3.18	18.61	-11.24	
110	124.37	-45.38	47.69	9.49	20.46	-10.04	
109	93.75	-61.00	25.25	14.64	18.18	-9.30	
110	66.37	-63.56	-21.00	17.63	13.89	-9.33	
109	44.13	-54.00	-49.06	17.20	6.23	-8.69	
109	22.19	-41.75	-73.50	15.99	-0.25	-6.72	
110	21.12	-32.81	-84.75	12.00	-4.56	-4.27	
109	47.19	-41.00	-99.94	10.25	-7.39	-2.28	
110	58.31	-42.94	-109.81	12.14	-6.98	-1.16	
107	68.31	-43.44	-123.56	11.65	-5.21	-0.68	
108	90.44	-46.94	-143.38	12.80	-1.61	1.53	
109	145.25	-54.44	-179.50	16.90	4.06	4.52	
110	187.69	-57.81	140.44	18.07	8.96	3.55	
111	211.06	-51.00	109.56	16.18	13.15	-1.42	
109	223.69	-41.25	84.87	13.28	17.06	-6.94	
110	232.63	-24.19	65.81	11.75	18.23	-10.72	
109	222.44	-9.06	50.31	11.28	15.03	-9.88	
110	191.00	-9.44	53.13	8.34	13.97	-10.16	
109	156.50	-23.06	51.75	6.26	17.74	-12.56	
110	123.12	-33.63	34.81	7.50	19.26	-13.63	
109	101.00	-40.81	12.19	9.52	17.14	-15.78	
109	89.81	-64.87	-25.94	11.57	12.99	-14.57	
110	63.94	-59.25	-116.94	12.31	5.61	-8.28	
109	27.12	-34.56	-133.75	9.20	-0.76	-1.80	
110	119.75	-24.75	-143.81	6.79	-0.52	1.84	
107	94.06	-61.00	-159.44	9.62	7.98	1.70	
108	141.00	-66.87	119.00	14.12	20.06	-1.75	
109	209.38	-31.00	91.94	14.52	28.26	-4.56	
110	248.75	-12.00	62.19	11.12	27.48	-6.83	
111	263.75	-3.81	34.88	6.66	17.81	-8.42	
109	257.81	-1.50	30.62	6.45	9.86	-11.53	
108	243.94	-29.50	37.13	16.07	-1.80	-30.48	
107	240.56	-86.06	-2.38	24.06	-7.01	-38.34	
110	209.44	-37.25	-141.75	14.32	1.07	-15.06	
109	306.06	5.88	-156.50	1.50	4.87	3.31	
108	300.88	31.87	-170.25	-7.62	10.71	8.08	
107	281.88	9.94	-141.88	-8.09	16.90	7.74	
108	148.00	-50.31	-135.25	22.20	26.40	0.31	
107	176.94	-45.50	142.94	45.16	39.08	-8.97	
110	56.81	-13.69	140.06	33.16	36.00	-8.56	
111	24.75	-32.81	150.81	17.91	18.20	-2.29	
109	71.44	-58.56	131.19	14.87	8.13	-0.35	
108	61.00	-62.88	30.50	19.49	10.83	-3.47	
107	63.44	-37.31	-4.13	25.27	9.39	-10.79	
110	51.38	-20.50	-35.63	24.12	4.25	-17.88	
109	22.56	6.50	-54.25	12.22	1.92	-18.62	
110	358.13	33.56	-65.06	-0.22	-1.18	-11.34	
109	343.88	51.44	-73.94	-9.82	-4.26	-2.91	
108	355.38	57.81	-84.31	-19.05	0.39	-1.29	
109	41.44	33.44	-92.56	-13.90	4.80	-4.40	
111	100.69	-11.31	-71.25	3.37	16.87	-12.21	
110	167.38	-60.19	31.62	29.48	35.95	-19.58	
109	271.88	5.50	69.50	37.19	40.56	-12.23	
108	312.50	23.87	22.94	17.30	22.81	-6.88	
107	316.88	14.13	1.12	6.55	0.29	-15.00	
110	308.63	-10.50	-19.62	8.22	-7.26	-16.37	
109	287.75	-39.44	-47.13	11.78	-9.16	-7.78	
110	235.44	-43.00	-100.75	10.34	-10.28	-0.09	
111	132.44	-1.31	-126.12	1.63	-9.45	5.65	
107	303.81	25.37	-149.38	-7.55	-6.45	12.06	
108	295.63	36.25	177.00	-10.59	-3.88	19.10	
109	216.88	41.69	151.00	-11.26	-0.68	23.10	
110	199.31	54.13	148.81	-11.54	0.12	24.71	
109	206.63	69.25	176.38	-11.71	-5.15	24.30	
108	219.50	74.50	-98.06	-10.68	-10.53	17.58	
107	224.13	58.75	-53.81	-8.74	-13.07	7.62	
108	222.88	41.88	-32.13	-6.76	-12.90	-1.36	
111	219.25	32.75	-20.37	-4.31	-10.90	-7.14	
111	212.81	35.19	-5.19	-3.92	-8.05	-7.89	
110	209.00	47.75	20.75	-7.39	-2.23	-5.97	
107	201.19	57.63	62.00	-11.90	2.61	0.02	
108	185.19	50.56	112.12	-12.19	4.64	10.30	
109	154.75	27.44	135.69	-8.15	5.19	19.65	
108	267.13	1.75	143.63	-2.14	4.77	26.31	
107	280.63	-18.56	152.81	1.97	3.46	30.08	
110	284.88	-32.56	176.94	2.01	-0.35	28.29	
107	232.63	-51.56	-154.88	4.20	-3.91	21.03	
108	217.50	-78.56	-107.87	7.69	-2.59	11.41	
111	211.25	-69.50	30.50	11.64	2.15	3.39	
111	193.06	-54.69	51.25	13.33	9.78	-3.29	
110	162.50	-47.31	60.94	9.04	16.94	-8.64	
107	133.56	-51.00	57.25	5.89	19.50	-8.50	
108	111.56	-52.00	51.81	3.28	19.62	-8.72	
107	107.37	-50.81	53.25	1.53	19.80	-16.67	
110	128.50	-46.69	41.00	5.38	26.29	-22.89	
109	151.94	-43.63	14.81	9.26	25.37	-20.48	
110	171.13	-47.75	-21.75	8.56	14.09	-11.61	
109	174.31	-52.63	-90.37	7.27	8.47	-1.54	
108	112.44	-13.19	-127.19	5.44	0.57	4.85	
111	0.75	43.06	-129.94	-9.27	-6.56	5.67	
109	332.63	71.31	-126.37	-21.72	-6.40	0.26	
110	341.69	65.81	-60.88	-17.34	-6.19	-12.50	
107	346.38	52.50	-60.63	-9.50	-8.63	-20.88	
108	342.06	52.75	-81.69	-4.19	-9.20	-15.78	
109	311.06	63.06	-126.50	-3.31	-6.46	-3.26	
110	263.94	51.94	173.31	-6.44	-4.71	11.35	
111	288.31	29.94	156.56	-11.70	-1.47	21.15	
109	296.31	18.37	156.38	-16.17	3.63	25.09	
108	290.81	26.75	160.00	-18.28	6.74	23.13	
107	242.81	53.38	162.69	-15.17	7.39	18.97	
108	267.63	59.50	-126.19	-7.79	5.18	15.73	
107	309.75	15.69	-106.06	2.06	2.46	11.31	
110	39.88	-49.25	-70.19	14.02	5.27	0.17	
109	60.75	-23.69	-3.19	14.86	11.68	-17.17	
108	45.19	-12.75	4.06	7.86	14.52	-28.18	
107	34.44	3.38	-9.06	3.19	13.70	-26.28	
108	26.12	11.69	-39.88	0.67	7.17	-17.81	
107	11.56	14.31	-70.87	1.65	-0.81	-9.95	
110	315.38	37.50	-111.12	-0.78	-2.35	2.15	
111	216.25	61.81	163.50	-10.04	2.27	15.35	
109	162.19	37.75	135.56	-15.34	8.47	20.27	
108	140.06	24.56	138.88	-14.05	9.92	20.64	
109	234.13	29.37	166.25	-10.28	7.00	17.95	
110	200.06	5.50	-142.75	-0.92	0.88	10.28	
109	80.81	-47.19	-85.87	8.43	-1.83	-3.00	
108	113.19	-23.69	0.00	5.88	3.16	-16.24	
107	113.50	-6.94	13.88	-4.57	7.65	-21.34	
108	128.81	-4.25	17.37	-9.56	9.19	-19.05	
111	158.94	-12.19	20.19	-8.02	10.60	-14.09	
111	186.38	-17.69	30.56	-1.36	11.12	-9.81	
110	192.56	-14.44	42.94	3.53	13.10	-8.77	
107	174.19	-22.56	56.56	4.86	17.34	-8.85	
108	141.63	-45.25	72.81	8.16	22.21	-8.42	
109	96.75	-79.06	71.31	13.92	23.75	-11.24	
110	34.50	-38.25	-111.00	16.94	12.97	-9.39	
111	343.94	7.00	-132.69	7.21	-0.53	1.64	
108	207.81	24.25	-166.06	-4.73	-4.86	13.67	
109	209.06	11.94	-175.13	-3.37	-4.95	19.89	
109	209.06	-37.75	-167.06	6.02	-5.12	14.74	
108	190.25	-72.44	-136.81	12.87	-6.61	2.56	
109	191.88	-71.81	-47.19	14.16	-7.59	-7.03	
110	190.88	-61.00	-29.94	12.78	-7.63	-11.06	
107	155.63	12.38	148.81	7.62	-2.87	-5.55	
108	175.75	3.13	150.69	4.47	1.89	-1.23	
109	239.31	21.69	142.81	-0.46	2.69	-9.10	
108	156.19	15.38	87.19	-6.57	5.30	-11.36	
107	151.13	-15.06	40.75	-2.71	9.46	-3.70	
110	144.63	-30.06	-9.88	2.63	7.53	3.39	
109	142.06	-6.69	-16.19	2.58	4.09	3.13	
109	160.19	40.56	-4.38	-1.00	3.97	2.63	
110	205.38	82.25	-125.12	-1.51	2.07	3.90	
109	282.88	39.56	-156.50	1.67	1.23	-0.82	
110	278.13	58.69	-171.88	4.90	0.89	-5.08	
107	267.13	68.50	119.50	4.93	1.95	-6.24	
108	256.06	52.38	73.56	3.28	5.30	-6.47	
107	247.06	34.69	40.31	-1.12	8.88	-6.44	
110	241.13	13.56	19.06	-5.04	8.21	-3.84	
111	229.50	9.19	16.81	-4.21	3.46	-0.20	
109	225.63	11.88	22.12	-1.76	0.13	2.03	
108	229.25	27.25	38.75	0.10	0.22	2.31	
107	241.94	40.75	69.75	-2.29	1.89	2.74	
108	270.44	60.81	117.06	1.63	1.71	3.30	
107	289.06	53.94	141.38	6.13	-0.87	0.35	
110	301.13	49.00	131.44	2.39	-3.24	-4.57	
109	295.63	43.94	106.87	-1.23	-2.30	-4.85	
108	301.31	42.38	79.31	2.22	1.39	-3.66	
107	288.69	25.81	64.12	6.13	4.42	-1.81	
108	266.06	9.63	61.50	4.30	5.44	1.83	
107	244.31	-4.94	59.00	3.88	6.54	2.35	
110	214.56	-26.69	46.13	4.30	8.40	1.54	
111	182.13	-27.69	15.88	4.67	7.87	-0.09	
109	160.44	-2.94	-5.94	4.72	5.89	0.26	
108	145.00	21.12	-10.69	4.68	4.61	7.64	
109	134.88	27.19	-6.06	2.11	5.19	11.48	
110	137.69	21.31	10.06	-0.81	7.15	4.87	
109	153.31	4.19	18.00	1.07	8.32	1.54	
108	182.06	-2.94	34.50	4.59	9.67	2.39	
107	214.69	-3.19	55.81	9.18	10.05	1.23	
110	244.75	1.19	66.00	10.85	7.17	0.01	
111	264.69	4.56	64.94	6.37	3.37	-0.34	
109	285.38	17.87	54.63	4.29	0.76	-0.49	
110	300.81	33.13	42.56	4.03	-2.06	0.26	
107	312.75	45.06	34.13	2.07	-4.05	0.89	
108	310.06	49.13	29.94	1.18	-4.63	1.08	
109	295.25	45.75	39.00	1.27	-3.97	1.83	
110	271.81	31.00	49.63	0.64	-1.61	2.92	
109	249.19	11.81	50.69	0.64	0.68	2.18	
108	227.88	-10.25	45.63	1.10	1.15	1.00	
109	209.81	-28.50	41.13	0.34	0.72	1.80	
108	196.06	-44.38	36.63	0.35	0.26	2.66	
111	189.31	-48.25	43.25	0.54	1.75	2.79	
109	190.81	-46.94	60.06	0.05	4.86	2.44	
110	202.88	-36.31	76.12	0.99	6.73	0.44	
107	218.50	-28.62	76.19	2.55	5.45	-0.37	
108	226.19	-24.94	68.75	2.80	2.56	0.80	
107	228.88	-24.87	57.06	1.87	0.73	1.37	
110	228.19	-21.00	41.63	0.96	-0.50	2.30	
107	223.56	-18.50	29.87	-0.26	-1.63	4.94	
110	215.56	-19.44	29.19	-2.39	-2.86	8.21	
109	207.06	-23.87	42.44	-1.71	-1.40	6.59	
109	202.50	-31.56	58.25	-1.44	2.53	5.09	
110	211.75	-21.94	82.31	-0.84	6.84	5.07	
109	228.13	-5.31	102.62	-0.29	8.98	2.93	
110	245.94	11.75	120.25	-1.87	8.94	1.63	
107	6.31	20.62	146.31	-2.90	10.11	-1.03	
108	338.50	17.50	164.25	-3.24	8.99	-3.37	
109	308.75	7.56	-173.94	-0.67	7.73	-4.98	
110	279.56	-9.69	-157.00	1.50	9.07	-6.44	
111	250.69	-20.94	-154.38	3.11	7.31	-3.38	
109	224.19	-19.94	-161.38	4.95	3.27	-0.31	
108	210.75	-10.94	-162.69	4.53	1.73	0.38	
107	212.50	-6.50	-156.94	2.95	2.41	1.04	
110	231.00	-6.63	-148.56	6.18	5.52	-1.13	
109	271.63	6.13	-153.81	5.48	8.65	-1.86	
110	302.81	24.44	-166.31	0.33	8.34	-0.58	
107	332.75	20.87	179.75	-0.77	8.16	-2.17	
108	358.50	16.69	160.31	-2.61	7.54	-1.01	
107	268.56	20.00	138.69	-8.11	5.99	0.02	
110	275.31	24.00	122.44	-9.75	8.57	-1.95	
111	270.06	38.44	100.69	-4.42	14.43	-3.13	
109	259.56	69.81	65.12	-0.01	19.68	-4.38	
108	251.06	66.37	-105.50	2.90	22.57	-5.24	
107	229.44	42.25	-124.62	2.68	19.78	-3.84	
108	184.50	42.31	-138.06	2.51	13.96	-0.49	
109	151.81	40.63	-155.94	3.93	9.07	1.08	
110	123.19	50.50	-166.88	2.90	4.06	1.04	
109	118.94	67.37	174.69	-0.18	2.29	-1.50	
108	113.31	67.44	109.44	-2.19	5.05	-3.09	
109	93.37	37.50	104.00	-3.47	9.97	-2.53	
111	65.62	5.31	109.94	-3.21	12.99	-2.71	
110	44.88	-18.00	123.94	-1.96	12.20	-2.85	
109	296.69	-27.25	151.50	-1.14	10.37	-4.93	
108	323.63	-25.56	-177.44	-0.10	8.60	-8.82	
107	348.75	-10.38	-161.56	0.56	5.96	-13.52	
110	19.75	3.63	-163.75	-1.46	5.26	-13.30	
109	39.63	8.19	176.63	-5.30	7.03	-6.59	
110	50.69	4.19	160.50	-6.68	9.18	-0.90	
111	38.31	2.88	138.50	-5.11	11.59	2.17	
107	222.25	15.69	121.06	-3.25	14.99	2.54	
108	229.81	43.38	125.06	-2.71	21.43	-1.28	
109	253.63	56.75	-169.50	7.89	27.54	-8.84	
110	175.00	39.63	-161.19	17.06	24.81	-11.04	
109	115.31	44.44	163.63	10.07	15.33	-7.44	
108	55.56	39.06	118.06	1.76	11.30	-3.42	
107	28.44	22.31	94.75	-2.04	12.20	-0.01	
110	14.94	5.25	89.62	-2.39	11.97	-0.22	
111	7.31	-12.75	107.62	-2.41	10.36	-2.89	
109	246.63	-27.62	146.69	-3.32	8.05	-7.57	
110	278.31	-21.62	-177.75	-1.43	5.97	-9.73	
107	314.25	-11.88	-164.81	0.79	5.51	-7.26	
108	347.56	-4.44	-167.56	2.10	5.04	-5.36	
109	16.75	4.00	-178.13	1.35	4.43	-6.84	
108	36.13	11.06	162.00	-2.72	6.01	-5.94	
107	42.44	12.69	148.69	-4.27	7.27	-0.57	
110	258.63	12.63	133.88	-3.83	6.86	2.73	
107	248.06	16.75	123.06	-4.89	7.45	3.02	
108	250.38	31.69	117.75	-5.16	11.86	2.38	
111	269.19	62.19	129.94	-0.73	19.06	0.33	
111	287.63	64.37	-146.50	5.46	22.59	-2.09	
110	283.38	41.56	-131.06	7.19	20.90	-3.48	
107	216.50	37.38	-150.25	6.75	16.84	-2.61	
108	109.62	54.31	172.88	4.65	12.19	-0.63	
107	62.88	56.81	123.69	-0.21	10.53	0.99	
110	37.25	36.38	98.94	-1.91	11.93	0.29	
109	23.81	1.75	103.06	1.35	15.49	-4.63	
110	264.94	-20.44	151.75	4.37	20.05	-11.88	
109	308.31	12.25	-176.44	6.68	18.16	-17.78	
108	349.94	31.31	177.88	0.30	13.11	-15.69	
111	355.75	17.19	159.50	-7.38	10.95	-5.07	
109	274.69	60.56	105.50	-6.99	9.60	-3.08	
110	268.56	32.88	-16.44	-4.58	12.17	-11.57	
107	222.25	15.88	-62.88	-1.32	14.63	-9.45	
108	175.00	34.06	-93.75	4.27	13.44	-7.34	
107	113.37	82.62	-134.00	5.43	14.03	-7.45	
110	42.69	26.94	106.31	-1.08	16.49	-0.01	
111	341.75	-13.81	116.62	-9.40	12.24	6.84	
111	169.69	0.12	145.88	-9.43	5.21	-2.05	
108	3.44	16.06	126.12	1.97	4.75	-9.33	
107	322.69	-11.13	84.00	2.29	7.84	0.66	
110	303.44	-33.50	76.12	-5.41	8.71	7.50	
109	284.31	-40.94	108.56	-1.65	3.99	0.15	
108	270.13	-58.50	112.94	-0.22	1.38	-6.92	
107	276.94	-68.69	121.19	-12.16	6.46	-4.20	
108	339.88	-29.75	105.62	-14.00	11.31	5.10	
107	63.06	32.06	127.25	0.63	11.44	6.66	
108	126.06	49.06	155.50	5.96	6.24	-4.93	
107	139.88	46.88	144.25	-2.65	0.52	-9.40	
110	166.38	46.06	68.25	-6.68	1.16	-7.26	
111	178.69	-24.94	46.00	-2.78	4.42	-2.87	
109	170.13	-58.00	29.06	-1.32	5.24	0.73	
108	165.94	-63.13	-3.63	-3.90	3.17	4.44	
109	170.81	-48.31	37.69	-1.89	4.40	3.31	
110	186.50	-0.81	83.69	-0.94	11.33	-3.17	
109	214.31	37.38	129.75	-1.63	14.75	-8.70	
108	218.94	46.50	151.06	6.62	9.16	-9.26	
107	254.31	33.50	154.25	12.19	0.46	-4.84	
108	274.25	26.19	154.38	7.39	-1.33	-6.93	
111	179.06	22.75	122.69	3.32	8.52	-10.62	
111	150.50	-10.63	73.25	-0.27	20.27	-2.60	
110	145.50	-49.81	39.25	-3.41	14.36	6.33	
107	137.06	-56.88	-11.75	-1.44	0.52	5.85	
108	173.00	-17.19	-2.81	1.05	-0.28	2.17	
109	232.25	30.62	-32.69	-0.03	3.11	-0.22	
110	285.00	32.06	-80.69	-0.82	1.85	-2.43	
109	341.00	17.12	-80.19	-1.54	3.08	-2.71	
108	8.44	13.13	-81.62	-3.85	7.79	-3.71	
109	356.88	22.25	-97.37	-4.48	8.88	-1.60	
108	314.88	38.25	-125.56	-4.79	10.56	5.03	
111	234.88	70.87	176.44	-5.66	9.93	7.41	
109	171.13	29.81	92.12	-6.82	6.61	5.96	
110	111.37	-31.75	98.56	-4.80	2.98	3.96	
107	91.94	-40.25	111.50	-1.61	-1.82	1.20	
108	104.94	-18.62	128.06	3.75	-0.47	-0.06	
109	101.94	-9.56	134.88	6.04	2.96	1.35	
108	86.06	-10.13	127.75	-0.10	2.66	2.67	
107	94.62	-1.50	117.06	-4.78	0.24	1.84	
110	127.62	19.50	106.37	-2.20	-2.93	-0.28	
109	147.94	26.87	103.06	4.89	-4.58	-1.91	
109	145.19	19.06	112.69	8.86	-0.53	-2.58	
110	106.06	0.37	117.94	5.23	4.27	-1.00	
109	77.50	-16.69	124.31	-0.54	3.58	0.88	
110	84.62	-14.94	135.38	-2.09	0.96	1.90	
107	323.94	-11.00	142.13	0.37	-2.12	-0.16	
108	332.38	-14.88	147.31	6.12	-3.48	-3.58	
107	345.75	-27.50	154.50	9.27	-1.39	-3.43	
110	25.81	-50.25	165.88	7.54	-0.37	-1.63	
111	14.75	-77.87	-171.50	7.08	-0.95	-0.56	
109	8.31	-72.87	-70.50	6.82	0.56	1.74	
108	357.19	-56.63	-55.31	1.27	3.59	3.77	
107	13.44	-60.19	7.63	-1.30	4.73	3.11	
108	46.38	-36.63	61.06	1.19	-1.18	1.29	
107	74.00	-16.75	78.44	2.00	-7.01	-2.10	
110	75.75	-22.81	88.50	1.52	-5.78	-3.48	
109	75.31	-31.25	100.81	3.75	-4.45	-4.74	
108	54.63	-43.94	107.81	7.91	-1.72	-5.56	
107	18.06	-66.87	90.06	6.79	3.47	-1.38	
108	3.56	-68.75	45.19	1.45	6.11	2.56	
107	15.75	-60.38	49.44	-2.15	5.22	3.52	
110	47.88	-45.38	61.63	-2.54	-2.19	3.47	
111	68.12	-44.06	74.94	-0.34	-10.36	0.78	
109	70.37	-46.69	94.37	6.49	-10.61	-3.91	
108	40.50	-56.50	111.12	11.18	-4.26	-4.63	
109	6.25	-76.31	117.12	10.06	2.67	-1.81	
110	0.31	-70.87	63.31	8.19	5.26	2.28	
109	14.56	-39.81	68.87	4.39	4.77	6.79	
108	46.44	-10.19	75.12	-1.13	0.16	8.11	
107	80.37	7.13	66.12	-0.72	-8.72	3.33	
108	90.25	-1.31	52.56	2.17	-12.10	0.62	
111	94.62	-16.94	63.38	6.44	-7.74	-1.05	
111	79.44	-32.56	77.00	9.81	-0.40	-4.25	
110	59.63	-47.56	62.13	3.60	5.76	-1.07	
107	65.87	-51.69	56.44	-2.40	3.84	2.58	
108	87.69	-49.69	65.56	-1.13	-5.64	3.24	
109	94.19	-54.31	87.56	3.75	-10.18	1.20	
108	77.25	-66.94	112.19	7.96	-6.12	-1.29	
107	49.88	-80.81	152.13	8.64	-0.73	-1.39	
110	29.75	-78.12	-83.12	6.15	2.98	-0.53	
107	21.44	-64.62	-48.00	0.89	2.50	1.62	
108	28.87	-59.00	-32.50	-4.22	1.29	3.41	
111	43.19	-63.00	-24.75	-6.00	-1.64	3.41	
109	52.50	-69.31	-32.88	-5.01	-7.01	2.55	
108	41.19	-72.94	-52.94	-0.57	-8.81	0.80	
107	23.00	-69.25	-76.69	5.48	-6.78	-1.15	
108	2.75	-54.38	-74.69	7.11	-4.56	-0.93	
107	341.81	-39.44	-60.44	2.33	-1.45	1.67	
108	334.63	-51.50	-26.94	-1.35	3.63	3.97	
107	347.56	-64.25	64.94	0.82	7.27	3.43	
110	23.31	-21.62	120.37	2.87	4.26	1.36	
109	234.94	0.75	147.50	4.90	-1.16	-4.06	
108	263.38	-6.94	143.13	4.53	-1.05	-11.04	
107	45.81	-30.69	123.19	5.56	1.08	-13.77	
108	24.94	-64.94	99.87	11.04	1.64	-10.76	
107	354.63	-64.12	-34.06	11.17	0.15	-3.19	
110	324.00	-36.56	-38.00	2.29	-0.91	4.49	
111	312.06	-55.81	-14.63	-3.63	4.12	6.48	
107	325.13	-61.50	95.81	0.18	7.74	5.78	
108	357.44	-22.75	129.13	3.26	3.05	6.72	
109	236.56	-8.88	140.19	5.58	-3.54	5.07	
110	268.31	-8.94	143.19	6.07	-4.68	-3.08	
109	62.81	-23.81	135.88	5.27	-1.69	-10.51	
108	46.69	-49.75	134.00	5.82	3.15	-11.95	
107	39.44	-62.13	74.25	11.19	3.12	-7.06	
108	26.25	-40.63	28.75	6.35	-1.74	2.51	
111	15.94	-54.94	46.31	-2.66	1.14	5.49	
111	34.50	-50.88	105.94	1.23	6.10	3.81	
110	89.31	-18.69	110.31	5.75	1.00	4.91	
107	116.62	-14.88	111.75	7.98	-7.63	1.83	
108	121.31	-31.56	117.62	6.21	-8.37	-5.21	
109	108.87	-48.00	130.88	5.86	-2.48	-8.70	
108	92.06	-60.19	106.06	8.31	-0.08	-5.04	
107	76.06	-61.31	75.69	4.67	-3.34	1.42	
110	56.88	-59.25	72.69	0.01	-3.78	4.72	
107	47.06	-60.19	81.50	0.12	-0.19	5.91	
108	52.06	-57.06	96.69	0.94	2.40	5.29	
109	80.31	-51.88	102.06	2.37	-1.13	5.49	
108	107.12	-44.38	110.62	3.50	-4.99	4.30	
111	142.63	-34.81	109.19	4.12	-4.22	1.15	
109	160.94	-41.63	101.25	4.03	-3.85	-1.93	
108	170.25	-43.56	86.19	3.23	-5.46	-2.34	
107	165.94	-37.69	86.94	3.82	-6.33	-1.01	
110	144.25	-23.00	92.56	4.55	-5.69	0.82	
109	111.69	-15.19	102.75	3.25	-4.07	5.25	
110	92.50	-21.00	115.75	3.72	-0.99	5.80	
107	107.44	-40.50	121.69	3.06	0.40	3.98	
108	134.94	-41.94	125.56	1.11	-1.36	3.61	
111	170.13	-45.81	117.25	3.10	-6.30	1.72	
109	167.56	-63.81	110.75	2.93	-7.22	-1.05	
110	153.25	-74.75	103.87	2.81	-3.69	-2.03	
109	137.38	-62.69	66.69	3.19	-3.78	-0.13	
108	122.25	-51.94	77.25	0.98	-2.72	3.93	
107	117.00	-31.62	102.87	-0.62	1.81	6.43	
110	139.88	0.00	123.31	0.70	5.99	3.44	
109	258.13	22.37	172.63	2.03	7.26	-1.00	
108	231.13	17.25	-162.50	3.32	3.24	-7.45	
109	226.69	10.56	-170.31	2.56	-0.12	-7.27	
108	128.63	20.75	126.25	-1.18	5.55	-3.43	
111	104.69	-9.38	68.25	-0.15	5.59	0.57	
109	83.62	-50.81	40.06	-0.27	0.93	7.36	
110	105.94	-61.31	61.38	0.83	0.62	8.28	
109	144.06	-33.50	105.75	8.29	0.32	5.72	
108	6.00	1.44	145.19	7.56	5.66	4.08	
107	333.19	19.62	-157.13	1.49	12.30	-0.29	
108	78.50	16.00	-136.38	-0.09	10.56	-11.93	
111	278.44	-0.75	-165.94	-0.21	11.01	-10.85	
108	257.31	-1.37	148.06	2.77	16.70	0.01	
111	93.19	15.31	69.75	4.32	14.92	4.48	
107	85.44	-16.12	-2.69	6.12	9.30	1.68	
108	83.87	4.56	-15.19	6.54	1.66	-0.94	
109	99.94	39.00	30.94	2.49	-2.89	0.39	
110	142.56	48.25	144.50	0.07	-2.30	4.10	
109	220.63	25.37	-156.81	-1.71	1.27	3.99	
108	318.44	30.87	-144.06	-3.77	3.87	-3.20	
107	235.00	24.06	-145.63	-4.33	1.32	-3.52	
110	231.94	24.37	-147.00	-1.13	0.57	0.46	
111	237.88	26.06	-147.44	2.26	0.56	-2.15	
109	265.75	28.94	-145.44	4.07	1.81	-9.56	
110	278.94	17.37	-172.56	7.46	5.37	-8.76	
107	302.69	6.31	153.69	8.66	8.64	-0.38	
108	149.06	-21.37	109.37	6.23	11.76	1.05	
109	155.19	-43.38	80.81	8.10	10.40	-3.38	
110	152.75	-38.13	33.81	13.62	8.21	-6.76	
111	150.38	1.81	-8.25	18.58	13.86	-9.99	
108	147.94	41.00	-64.62	19.06	19.56	-8.39	
109	114.44	44.38	-124.00	17.19	20.39	-4.65	
109	9.06	59.44	160.31	12.32	17.22	-0.40	
110	315.25	20.19	54.69	5.24	12.14	2.50	
107	317.81	0.63	57.50	4.10	11.33	2.98	
110	345.19	13.06	66.31	6.30	13.85	2.27	
107	37.75	40.31	99.25	7.92	20.71	-4.94	
108	157.81	51.56	172.94	9.35	32.49	-11.46	
109	227.94	37.13	-156.75	9.69	34.03	-11.78	
108	289.44	20.19	-167.25	4.66	25.82	-8.24	
111	325.31	3.44	167.94	1.58	18.63	-2.52	
108	345.56	-9.69	146.56	2.52	13.51	-0.43	
109	129.13	-22.44	120.94	3.06	13.44	-3.73	
109	126.87	-25.81	69.44	7.75	18.59	-7.45	
110	120.50	14.19	17.87	15.22	20.64	-6.73	
109	109.50	61.75	-0.31	16.95	13.12	0.12	
110	107.56	56.63	-12.19	14.03	3.33	2.36	
107	95.94	47.25	-31.37	6.98	-2.45	2.60	
108	73.75	32.50	-36.75	1.68	-2.72	4.68	
107	54.50	19.00	-25.37	1.76	-2.14	3.76	
110	37.75	-0.25	-7.44	0.36	-3.45	2.77	
111	21.25	-16.00	-5.25	-1.30	-3.68	2.32	
107	5.69	-33.38	-15.81	-2.04	-2.84	2.33	
108	356.19	-48.00	-35.00	-1.65	-2.89	2.03	
107	351.31	-58.75	-59.75	-0.74	-2.03	1.78	
108	356.69	-68.50	-92.12	2.04	0.25	2.61	
107	8.63	-71.81	-135.19	5.37	0.35	2.95	
110	17.50	-67.94	-157.00	8.28	-2.22	0.65	
109	20.00	-68.37	-145.69	7.46	-2.95	-1.26	
108	26.44	-76.00	-120.62	3.26	-2.62	-0.22	
107	28.50	-74.06	-69.31	0.18	-3.69	1.16	
108	27.87	-66.62	-45.31	-3.47	-3.93	1.84	
107	25.81	-62.19	-33.19	-7.54	-3.74	2.92	
110	18.37	-62.38	-39.50	-8.23	-3.45	3.04	
111	6.69	-62.75	-64.25	-5.33	-1.98	3.24	
109	1.94	-62.75	-101.69	-0.74	-0.53	4.34	
108	8.44	-55.94	-140.06	4.15	0.29	4.67	
109	35.94	-48.63	-165.38	6.85	0.29	4.84	
110	68.62	-49.63	178.13	8.65	-1.58	5.06	
109	90.69	-57.81	151.44	9.20	-3.97	4.40	
108	112.50	-48.13	98.31	7.56	-7.65	3.74	
107	126.56	-17.81	66.62	4.41	-12.83	5.33	
110	106.94	-2.00	56.19	1.46	-10.41	7.34	
111	81.50	-1.00	56.50	0.72	-2.87	5.09	
109	69.94	-2.81	58.94	0.15	0.87	1.42	
110	71.75	0.44	60.00	-0.42	1.16	-0.58	
107	75.69	1.69	52.44	0.18	-1.24	-1.38	
108	79.69	-0.06	-0.06	1.51	-2.07	-1.55	
109	95.12	-0.69	50.63	2.66	-0.19	-1.58	
108	109.12	-5.75	52.06	2.65	0.94	-1.81	
107	143.69	-7.13	65.56	2.43	-0.70	-0.75	
110	213.75	8.13	57.94	1.62	-0.84	-0.17	
107	225.75	11.75	37.06	-0.57	1.93	-0.15	
108	232.13	12.38	22.81	-1.27	2.68	1.17	
111	235.31	11.81	11.81	-0.43	1.52	0.98	
109	242.81	11.63	-1.25	-0.51	1.56	0.61	
110	247.56	2.19	-11.00	-1.40	2.08	0.35	
107	248.75	-1.75	-10.69	-1.28	3.02	0.88	
108	255.25	-1.81	-4.06	-1.57	2.85	0.79	
107	259.13	10.88	-2.94	-1.68	0.91	0.10	
110	266.88	12.31	-6.31	-2.20	0.47	0.15	
109	268.31	1.75	-11.69	-1.31	0.20	1.50	
110	280.00	-16.37	-35.25	-2.07	-1.29	1.78	
109	289.56	-67.62	-24.75	-2.75	-1.80	-1.04	
108	307.56	-54.44	176.56	1.63	-0.88	-2.04	
109	307.38	-26.44	143.25	2.63	0.34	-0.78	
109	306.31	-19.44	144.50	2.07	0.36	-0.61	
110	299.00	-17.69	161.25	2.68	-0.50	-1.31	
109	291.25	-25.94	173.25	-0.04	-1.56	-0.10	
108	304.25	-27.69	171.31	-2.71	-3.33	-1.16	
107	330.06	-40.94	177.38	5.59	-1.10	-7.63	
110	314.31	-55.19	-173.44	10.65	-1.34	-3.83	
111	318.25	-56.06	-179.56	2.08	-4.01	4.38	
110	345.44	-50.25	174.69	-1.24	-1.34	-2.00	
109	335.94	-55.44	-173.38	4.00	0.17	-6.84	
107	320.31	-66.25	-159.81	6.37	-2.53	-0.92	
108	322.94	-66.12	-172.56	2.76	-5.60	2.54	
109	335.06	-53.06	-179.69	-0.62	-3.24	-4.24	
110	318.63	-81.87	-94.06	-1.46	1.77	-6.27	
109	323.00	-78.62	161.44	2.05	3.49	-1.21	
108	306.44	-67.44	163.00	7.68	1.21	-0.91	
107	296.31	-55.44	168.63	7.80	-4.28	-1.55	
108	292.25	-35.38	177.19	1.54	-6.73	-4.61	
107	324.56	-28.12	167.56	0.35	3.45	-10.56	
110	345.94	-46.06	171.00	7.24	9.76	-8.08	
111	325.25	-55.38	159.94	15.52	0.78	-1.28	
109	254.63	-34.06	153.50	12.89	-9.10	-0.09	
110	260.75	-23.62	169.63	3.37	-11.03	-3.46	
109	298.38	-20.56	175.25	1.84	-1.80	-10.69	
110	326.06	-43.56	174.38	5.92	8.74	-7.88	
109	322.81	-58.19	-176.06	11.58	11.37	0.04	
108	306.50	-46.50	168.25	13.71	1.43	-2.84	
109	266.56	-28.87	177.00	4.87	-12.66	-7.56	
111	294.50	-31.37	-173.69	-0.34	-7.37	-6.53	
110	317.75	-41.06	-170.56	6.38	6.39	-1.91	
109	296.94	-45.44	-172.63	10.55	7.16	1.58	
108	282.31	-29.44	179.56	5.76	-5.68	-1.40	
107	288.13	-19.69	-174.25	-1.10	-11.30	-7.00	
108	310.38	-28.19	168.56	-1.85	-2.91	-11.91	
109	17.12	-55.56	138.31	0.52	2.05	-10.90	
110	26.94	-67.44	85.00	4.81	2.77	-8.61	
111	34.06	-48.88	35.44	10.86	4.32	-9.63	
109	38.13	-15.88	34.25	14.26	5.95	-8.98	
108	53.56	24.31	56.19	14.65	-1.56	-3.75	
109	78.75	41.06	76.56	14.59	-11.38	3.65	
110	101.44	27.44	64.87	12.22	-12.58	1.72	
109	106.50	-6.88	53.38	7.82	-9.37	-7.43	
108	83.44	-40.69	41.94	5.45	-3.43	-14.38	
107	53.56	-36.94	13.06	9.11	5.27	-14.61	
110	43.19	-8.00	19.50	11.30	4.29	-2.05	
111	46.13	-4.44	27.75	4.17	-5.57	5.10	
109	44.56	-6.75	28.69	-1.30	-6.45	0.21	
110	39.88	-11.19	22.62	-0.99	-3.43	0.01	
107	34.75	-17.94	14.50	0.03	-2.51	-1.39	
108	34.13	-14.25	17.25	2.88	-0.68	-5.98	
109	44.38	-1.63	16.69	4.25	-2.62	1.50	
108	48.50	-17.37	14.69	-0.15	-6.86	-2.01	
107	38.44	-4.13	6.25	2.45	-2.71	-9.53	
110	31.94	13.56	-5.81	7.04	1.30	4.00	
107	34.31	-2.38	-11.75	1.95	-2.71	4.67	
108	25.75	-15.63	-1.25	0.51	-1.17	-8.71	
111	39.75	9.69	4.44	4.76	0.67	-1.52	
111	54.13	-6.00	6.25	-0.29	-8.37	3.47	
110	41.81	-5.13	-4.31	-0.14	-4.76	-5.58	
107	43.25	4.81	-8.94	3.93	1.17	0.82	
108	39.56	-1.94	-12.19	-2.82	-5.37	3.85	
107	24.37	0.00	-13.75	-2.25	-3.84	-4.13	
110	18.44	14.44	-1.63	3.50	-0.28	-6.45	
109	28.50	26.94	11.31	7.25	-1.50	0.22	
110	49.00	27.19	5.88	4.60	-8.18	5.64	
109	51.19	16.00	-1.12	-2.00	-7.01	-2.35	
108	50.56	22.25	-0.31	-2.36	-0.05	-8.89	
111	54.13	39.56	-0.06	-0.07	-0.09	-3.46	
109	57.19	60.19	24.62	2.69	-1.33	-0.01	
108	50.19	62.44	30.69	4.47	-3.22	1.58	
107	46.50	56.00	7.19	4.43	-5.97	5.26	
108	40.44	26.12	-13.56	7.17	-5.18	2.15	
107	46.00	-0.06	-0.06	6.78	-1.44	-1.53	
108	60.63	-6.13	-11.63	2.77	-1.66	-1.16	
107	67.31	-0.06	-0.06	1.63	-6.02	2.71	
108	59.44	23.25	-0.06	5.15	-5.40	11.13	
109	53.56	9.00	-15.19	7.82	-1.10	9.33	
108	57.44	-22.06	-22.06	7.35	-0.55	-1.25	
109	62.88	-55.56	-16.44	6.81	-0.49	-3.33	
108	59.00	-72.94	12.13	4.74	-1.42	-6.30	
109	51.63	-60.56	31.50	3.32	-3.18	-11.00	
109	47.88	-32.31	43.50	4.59	-7.89	-2.76	
110	41.38	-12.44	52.75	3.57	-10.02	6.42	
107	31.94	-7.50	51.63	1.90	-5.43	5.26	
108	20.25	-0.06	-0.06	4.45	-1.54	0.77	
107	18.87	45.31	48.19	3.77	-1.50	-1.44	
108	31.25	67.62	71.31	-1.05	-2.90	0.00	
107	34.50	71.56	-0.06	-1.75	-1.41	1.43	
110	28.87	65.81	150.63	2.75	-0.87	0.85	
107	29.37	74.44	172.88	4.84	-3.47	2.47	
108	32.19	72.94	-112.12	3.29	-2.61	1.61	
107	36.81	54.25	-68.81	0.73	-2.23	-5.42	
110	44.94	37.75	-51.69	-5.64	-4.06	-11.11	
109	51.19	-0.06	-0.06	-5.06	-6.09	-5.58	
109	46.63	64.37	-40.50	4.36	-7.15	4.71	
108	33.69	64.06	-31.69	9.62	-2.90	5.84	
107	35.44	41.63	-37.38	8.05	-0.30	-0.96	
110	44.50	5.06	-28.00	3.80	-1.08	-8.72	
109	47.13	-22.12	-4.44	0.55	-1.94	-15.37	
108	27.31	-36.75	45.81	-2.75	-5.50	-12.40	
107	348.56	-55.94	114.50	-5.84	-5.26	-7.72	
108	304.19	-49.88	166.94	-4.46	-1.46	-6.39	
107	278.56	-44.50	174.44	-0.70	-1.37	-3.12	
108	295.44	-45.06	168.50	0.91	-1.56	-1.24	
107	294.00	-46.75	167.06	1.41	-1.76	-2.26	
110	299.00	-51.63	162.13	1.46	-0.64	-2.48	
111	276.94	-42.50	173.31	1.23	0.40	-0.90	
109	280.50	-39.81	178.06	1.40	0.36	-0.91	
108	279.06	-39.44	-171.81	1.78	0.62	-1.28	
109	276.88	-40.31	-172.13	1.63	0.36	-0.85	
110	272.69	-42.19	-177.25	1.56	0.48	-0.65	
109	271.88	-41.75	-177.25	2.05	0.70	-0.97	
108	275.38	-38.13	-174.81	2.07	0.41	-0.92	
107	277.94	-33.44	-174.56	1.82	0.26	-0.69	
108	279.38	-31.75	-175.75	1.90	0.28	-0.45	
111	280.00	-29.69	-175.69	1.60	0.20	-0.33	
111	278.75	-25.94	-174.81	0.79	0.17	-0.30	
110	276.00	-29.56	-170.56	0.48	0.14	-0.07	
107	273.19	-33.69	-166.19	0.42	0.04	0.28	
108	270.69	-36.81	-160.81	0.40	0.14	0.17	
109	213.13	-38.75	-154.81	0.37	0.17	0.13	
