Orientation Sensor Raw Data Test

Current Temperature: 28 C

Calibration status values: 0=uncalibrated, 3=fully calibrated
time	eul_z	eul_y	eul_x	linA_x	linA_y	linA_z	cal_sys	cal_gyr	cal_acc	cal_mag
1161	0.00	0.00	0.00	0.00	0.00	0.00	
135	0.00	0.00	0.00	0.00	0.00	0.00	
107	0.00	0.00	0.00	0.00	0.00	0.00	
108	0.00	0.00	0.00	0.00	0.00	0.00	
107	0.00	0.00	0.00	0.00	0.00	0.00	
108	27.62	14.06	16.31	5.34	4.36	-4.00	
107	45.06	-6.31	38.69	13.62	7.09	-12.80	
108	57.00	-52.19	80.50	23.34	3.49	-21.94	
109	304.63	-27.81	-111.56	30.21	10.26	-21.35	
110	251.50	27.31	-41.44	20.85	7.56	-4.94	
109	257.19	23.12	28.06	7.27	3.26	-6.58	
108	314.00	56.00	108.00	2.70	7.56	-13.93	
109	16.00	36.75	-173.88	8.25	3.49	6.45	
111	23.87	33.25	-158.44	15.92	5.18	21.34	
110	78.37	76.50	-13.69	17.19	2.27	9.44	
107	51.38	15.75	56.13	14.14	-0.23	-4.88	
110	10.88	-41.56	17.44	22.11	1.78	-12.38	
107	320.06	-19.62	-128.63	21.98	5.65	-16.02	
108	289.81	-36.63	-111.37	13.38	-0.49	-12.94	
107	292.38	-20.06	-19.50	27.95	-6.28	-17.05	
110	320.50	50.88	153.88	36.42	1.11	-12.75	
111	126.62	7.81	-132.06	25.52	2.87	3.91	
111	95.81	-0.75	-87.75	17.86	-11.85	3.70	
108	349.44	19.81	-84.37	9.90	-22.98	-5.45	
109	263.69	39.13	-72.00	1.48	-14.49	-6.37	
110	250.44	26.56	-41.00	7.78	-11.15	-4.46	
109	264.75	35.69	11.13	16.55	-8.48	-4.07	
110	300.69	43.56	117.50	15.51	8.35	-9.82	
107	271.44	-40.88	-88.69	25.11	2.91	-4.49	
108	298.69	-75.87	4.13	30.79	-2.40	4.08	
109	25.62	-27.69	92.62	17.06	9.34	5.97	
108	141.69	-1.25	28.37	7.06	6.05	-0.82	
111	193.06	-15.63	14.25	3.75	3.39	-11.62	
109	237.13	12.19	9.00	12.76	9.60	-15.87	
108	305.25	34.56	-44.19	12.93	13.84	-15.37	
107	8.13	9.94	-40.50	-1.92	12.69	-8.78	
110	50.06	34.25	16.69	-8.89	8.62	-7.10	
109	66.25	78.56	124.06	-8.10	3.85	-0.90	
108	68.81	47.69	-170.44	-3.75	5.42	6.05	
107	22.44	21.56	-171.50	0.81	10.65	7.04	
108	354.25	-3.44	-179.38	1.02	16.14	4.77	
107	324.69	-38.50	176.88	3.38	17.73	-0.90	
108	334.31	-48.50	134.94	8.72	20.39	0.04	
109	106.62	40.94	141.75	3.52	14.94	0.88	
111	217.81	48.13	-101.75	-0.54	1.62	-2.39	
110	268.19	-2.63	-78.31	8.26	-9.67	-9.04	
107	309.63	-16.00	-77.81	11.98	-7.00	-13.29	
108	4.31	-31.25	-55.25	7.08	3.79	-13.82	
109	18.00	12.56	10.69	2.24	5.68	-13.46	
110	31.37	32.63	69.94	-2.87	6.95	-4.20	
109	55.63	57.94	95.75	-5.82	5.80	1.53	
108	51.19	72.81	126.06	-1.84	6.26	-0.83	
109	32.81	40.31	172.81	11.14	13.58	5.69	
111	44.13	10.50	-148.56	19.38	15.30	17.14	
110	186.69	0.94	-113.75	21.57	7.03	13.61	
107	164.81	-11.13	-85.69	21.48	-3.48	3.65	
110	143.75	-22.94	-68.37	14.08	-10.16	-1.44	
107	122.31	-27.00	-63.44	4.98	-12.87	-5.32	
108	107.19	-7.19	-38.13	1.02	-12.16	-8.83	
109	105.56	23.75	-37.81	1.56	-6.91	-6.16	
108	97.37	45.88	-63.19	-1.47	1.31	1.97	
111	89.06	55.25	-107.37	-4.03	5.54	7.43	
108	83.87	44.44	-142.31	-0.56	5.70	12.50	
109	6.81	30.56	-157.38	2.03	7.25	15.16	
109	48.75	14.56	-167.63	4.29	7.36	16.65	
110	35.44	0.25	-169.81	18.69	7.72	15.51	
109	71.06	56.50	-149.38	22.01	10.95	-1.05	
110	60.06	44.81	-40.88	9.51	10.22	-17.90	
107	105.56	-44.31	-36.50	5.18	8.03	-24.89	
108	188.56	-32.00	40.31	13.85	5.19	-26.43	
107	185.75	-17.31	25.12	16.41	2.17	-22.35	
110	165.50	-2.81	-11.31	8.63	1.26	-19.69	
111	124.50	34.63	-69.44	4.56	11.29	-27.09	
109	22.81	21.37	174.88	3.92	31.18	-27.72	
108	35.38	-50.00	-174.13	15.18	29.98	-13.80	
107	6.81	-64.50	-173.56	24.03	11.16	-3.61	
108	335.94	-55.13	-157.19	20.53	2.00	1.27	
109	22.19	-29.25	-145.75	15.02	2.53	4.35	
110	62.25	11.81	-154.19	6.93	9.25	4.08	
109	76.69	34.31	177.38	-1.11	19.94	1.54	
108	61.00	28.75	-171.56	-1.45	19.31	0.62	
107	52.50	10.81	-146.31	1.22	8.03	5.37	
108	218.63	-5.06	-123.31	4.29	-3.80	7.93	
109	228.81	-14.38	-117.31	6.02	-9.87	3.86	
111	270.88	-18.56	-111.00	19.75	-3.20	3.06	
110	179.44	28.37	-133.19	23.44	11.21	2.21	
107	90.94	84.19	-179.19	2.49	18.22	-2.08	
108	73.06	66.81	46.56	-12.86	15.70	-4.73	
109	73.50	72.75	89.56	-14.24	12.28	-4.33	
110	92.00	56.06	-169.31	-6.04	16.63	-2.26	
109	54.56	-10.63	-142.88	13.45	22.32	0.50	
108	279.81	-34.69	-95.00	27.11	12.10	-0.86	
109	235.81	-29.87	-71.81	23.14	-3.63	-7.52	
108	170.19	-1.69	-83.50	12.51	-8.87	-10.28	
111	113.06	39.50	-115.50	-3.52	5.55	-6.01	
109	55.25	-0.12	-156.25	-2.50	24.32	-2.59	
110	2.38	-62.81	-106.19	16.56	26.49	1.88	
107	339.81	-76.31	0.19	26.42	14.98	1.64	
108	266.56	-75.50	-96.87	20.23	-0.94	-4.40	
109	203.69	-42.56	-102.00	10.11	-10.22	-4.76	
108	182.44	-13.56	-101.69	5.33	-10.45	-4.59	
107	219.63	-3.31	-125.69	17.31	9.17	9.14	
110	119.50	47.38	-105.94	8.28	26.89	12.12	
109	119.87	36.69	-39.38	-11.04	14.18	-6.48	
108	132.94	31.19	-30.44	-6.55	-0.89	-14.61	
111	178.94	15.94	-91.50	0.08	3.74	-18.17	
109	355.50	-45.63	-134.13	25.43	22.51	-20.25	
110	350.69	-44.56	-48.88	35.72	23.88	-11.50	
107	354.00	-69.75	20.00	25.00	7.43	-3.85	
108	35.38	-51.00	109.87	19.45	-2.16	-1.22	
109	102.94	-34.19	106.50	11.95	5.85	-0.81	
110	178.38	-8.38	105.69	5.03	19.16	-7.36	
111	225.06	7.44	130.31	3.78	26.75	-18.21	
109	46.00	56.44	-142.50	10.51	22.96	-29.64	
108	94.75	36.94	-54.69	7.04	4.48	-24.40	
107	106.00	23.75	-42.69	-0.45	-10.61	-15.78	
108	87.75	38.94	-87.94	2.21	-7.59	-16.15	
107	16.50	64.81	-139.50	6.09	9.66	-22.59	
110	278.75	52.38	106.94	1.30	22.28	-29.57	
109	134.94	-27.31	112.31	8.11	33.70	-17.47	
108	322.06	-10.75	145.69	20.04	24.25	-1.66	
107	271.38	18.44	169.56	15.33	4.44	6.80	
108	292.81	33.81	-152.38	8.68	-4.92	3.15	
111	313.06	75.12	165.63	-0.05	2.55	-15.75	
108	294.44	49.25	93.44	-6.18	15.19	-20.79	
111	213.25	-9.31	117.06	3.96	5.99	-15.07	
107	119.87	-71.25	144.69	14.24	2.77	-7.86	
108	132.13	-69.19	154.25	15.14	8.66	0.40	
109	149.00	-58.88	140.13	14.01	11.59	-1.67	
110	166.38	-37.75	128.69	16.30	20.51	-13.91	
109	12.81	3.56	167.06	21.97	15.85	-23.62	
108	316.19	11.69	-152.75	15.16	-6.54	-12.24	
107	302.94	15.31	-150.38	6.37	-14.01	2.69	
108	322.19	49.56	-177.19	2.94	-2.88	-3.94	
111	254.31	27.56	114.00	1.51	11.33	-17.75	
109	175.75	-30.31	123.31	6.20	15.01	-14.68	
110	150.19	-52.94	113.37	10.46	12.34	-4.31	
107	121.44	-71.50	120.87	13.34	10.82	0.48	
108	138.69	-56.69	130.81	15.93	9.89	-0.31	
109	179.06	-29.56	136.00	15.87	14.71	-8.87	
110	287.19	40.19	144.19	13.36	15.94	-17.62	
109	305.19	27.25	-157.13	7.38	4.87	-10.00	
110	300.06	10.56	-142.13	4.04	-6.73	3.40	
109	299.44	19.44	-145.69	2.91	-8.55	3.76	
108	326.25	35.69	-176.94	-4.42	0.52	-7.70	
111	209.81	18.81	137.06	-15.19	8.44	-13.89	
109	164.88	17.19	90.56	-17.50	10.01	-12.39	
110	152.75	36.56	45.25	-11.98	13.20	-10.38	
107	176.06	56.56	28.19	-11.76	10.18	-9.67	
108	211.50	82.44	127.56	-13.23	-3.60	-16.58	
109	261.38	36.75	178.75	-13.71	-17.10	-15.88	
110	305.63	-4.81	-158.88	-8.97	-13.03	-5.71	
111	161.81	4.25	-113.62	-3.63	-8.62	0.34	
109	148.19	27.62	-114.94	-5.46	-11.65	-0.38	
108	43.69	10.19	-168.13	-2.90	-0.63	-5.44	
107	66.25	-29.44	165.00	4.64	15.16	-11.72	
110	65.81	-69.25	-163.56	11.70	14.90	-16.88	
109	75.25	-60.25	35.81	15.10	13.04	-17.24	
108	152.50	12.06	43.38	6.25	16.40	-11.97	
107	203.31	50.50	38.94	-4.57	10.56	-9.80	
108	254.00	76.56	-176.31	-6.12	-0.91	-18.52	
107	288.19	13.63	-153.94	-7.20	-7.45	-21.31	
108	172.69	-13.81	-100.37	-4.73	-11.20	-9.94	
107	197.81	5.25	-94.19	-0.95	-12.62	-4.38	
110	53.69	-17.25	-143.06	0.49	-3.61	-2.20	
111	47.50	-43.94	-167.50	3.83	8.04	-7.74	
107	63.75	-75.50	-146.69	7.03	16.62	-20.70	
108	78.69	-42.63	41.81	8.29	18.85	-18.68	
109	159.63	29.50	61.63	4.96	13.15	-10.73	
108	225.88	71.31	18.31	-2.99	6.72	-8.77	
107	279.13	50.81	-93.06	-0.91	2.30	-14.53	
110	8.75	26.62	-107.25	0.96	-6.33	-25.50	
107	107.19	8.81	-101.44	-0.90	-8.39	-21.81	
108	148.31	32.13	-70.81	-3.55	-7.54	-8.88	
107	189.25	39.56	-99.31	-6.80	-7.36	-6.25	
110	289.63	-3.81	-130.38	4.97	5.39	-9.89	
111	8.13	-52.63	-89.87	19.49	19.17	-16.77	
111	98.19	-15.88	62.00	15.14	21.91	-14.02	
110	192.75	59.19	37.13	-2.05	12.63	-6.97	
107	238.38	70.12	-50.50	-10.08	3.64	-9.57	
110	291.88	68.06	-132.88	-9.92	-3.24	-15.04	
109	5.56	41.38	-137.13	-12.22	-5.38	-23.14	
110	97.50	34.75	-127.69	-11.70	-1.62	-17.96	
109	139.25	41.63	-132.19	-5.44	-3.59	-5.70	
108	165.88	29.87	-142.38	-3.48	-4.71	-2.19	
111	80.44	-4.75	-154.50	6.42	2.78	-7.58	
109	345.81	-31.87	-120.69	20.04	8.85	-17.96	
110	6.38	-66.06	-60.50	26.22	10.76	-10.98	
107	72.75	-35.88	93.12	18.37	12.82	2.12	
108	159.56	35.06	86.44	2.14	14.02	2.47	
109	231.06	86.87	-2.44	-6.99	13.69	-4.04	
110	331.75	33.25	-106.69	-3.62	0.67	-22.88	
111	49.88	16.19	-100.75	-4.02	-0.42	-33.56	
111	140.00	6.13	-69.44	-5.93	3.87	-20.38	
108	160.44	11.31	-54.19	-1.02	-5.36	-10.70	
107	192.75	4.63	-85.81	0.32	0.38	-8.94	
110	267.38	-26.37	-93.12	12.37	16.39	1.59	
109	347.75	-76.75	3.00	26.93	22.57	12.04	
110	127.94	8.00	66.62	13.10	19.16	10.35	
107	204.88	29.87	25.69	-10.34	12.96	-5.91	
110	242.25	72.44	56.75	-13.09	5.69	-23.19	
109	284.19	9.06	-174.50	-9.06	-2.26	-21.45	
111	211.69	-43.44	-124.12	-4.75	-4.58	-8.66	
110	217.69	-44.88	-63.19	3.03	-3.89	-3.66	
109	244.94	-41.25	-47.44	8.48	-5.33	-6.09	
108	294.31	-33.31	-55.25	9.39	4.74	-15.34	
107	339.00	-13.06	-48.44	15.93	13.42	-13.52	
110	43.13	-44.31	-17.81	21.11	13.87	-3.81	
109	159.56	-23.87	69.87	12.81	13.97	-2.17	
110	223.19	13.19	73.87	0.25	12.71	-2.05	
109	269.31	48.69	103.31	-5.10	11.01	-11.84	
109	294.50	47.81	164.38	-6.44	10.89	-20.85	
110	309.00	-10.19	-157.44	-1.47	7.22	-16.14	
107	204.81	-32.25	-98.19	6.84	-5.93	-8.92	
110	227.44	-33.88	-81.19	10.68	-9.05	-7.91	
109	292.88	-36.38	-80.81	12.68	10.30	-8.99	
108	12.06	-20.69	-57.38	12.82	26.13	-23.45	
107	85.62	-23.12	-41.94	11.57	16.92	-28.20	
108	130.44	-40.56	-33.19	10.14	6.94	-13.31	
111	208.44	-38.31	52.63	5.13	9.18	-9.59	
108	223.56	-2.81	74.31	1.99	13.97	-13.62	
111	238.44	26.69	112.12	-5.07	21.42	-22.80	
109	341.06	-0.88	-178.50	-6.91	22.66	-25.44	
110	261.44	-51.00	-129.56	1.38	10.89	-18.16	
109	273.81	-32.13	-58.31	1.98	0.57	-15.22	
110	304.94	1.44	-34.56	6.09	6.01	-26.41	
111	354.56	25.62	-23.37	14.70	18.64	-31.47	
111	62.63	26.87	-5.63	11.22	20.21	-18.41	
110	159.88	8.75	17.12	3.83	16.17	-12.69	
109	223.88	43.31	56.56	-3.04	18.64	-19.68	
110	329.75	9.81	162.50	-14.37	12.06	-21.52	
109	324.63	-50.06	172.63	-12.07	3.62	-12.75	
108	330.19	-71.12	11.50	1.94	0.69	-7.54	
107	334.69	-50.13	-75.00	10.65	-7.57	-6.13	
108	320.00	-14.63	-124.56	15.24	-12.53	-7.27	
111	311.63	9.44	-109.94	19.33	-10.03	-15.00	
109	358.63	10.94	-92.44	19.64	-7.08	-20.10	
110	60.50	-3.44	-72.50	15.87	-7.07	-13.52	
107	105.31	-29.69	-48.00	17.52	-5.95	-5.55	
108	172.31	-50.94	14.06	26.47	-10.55	4.15	
109	217.06	-54.81	75.62	17.91	-24.92	0.26	
110	196.63	-72.94	151.63	8.48	-21.87	-12.71	
109	147.63	-66.19	-64.94	16.34	-4.96	-11.52	
108	166.13	-42.94	13.19	18.36	-1.15	-5.96	
109	195.56	-26.00	48.75	18.50	-8.43	-6.52	
110	245.88	-18.06	95.87	23.80	-9.75	-9.96	
109	308.88	4.50	123.25	19.99	-0.38	-7.33	
109	133.31	-4.56	136.88	10.80	3.40	-2.86	
110	154.00	-20.87	165.38	10.63	2.21	1.44	
107	148.50	-27.87	-168.25	10.27	-3.31	3.68	
108	68.37	-35.75	-146.19	8.79	-8.84	3.51	
107	32.75	-28.37	-125.12	8.35	-10.17	1.98	
110	352.94	-8.31	-117.25	6.88	-8.90	-3.78	
109	329.81	9.94	-112.31	4.55	-6.27	-8.86	
110	331.63	14.31	-104.44	2.66	-6.16	-10.72	
109	357.81	5.56	-99.37	2.38	-7.02	-9.73	
109	25.44	-8.06	-92.56	3.17	-7.98	-8.19	
110	35.94	-12.75	-82.69	3.12	-7.82	-8.74	
109	39.38	-12.38	-77.50	1.56	-6.24	-10.06	
110	196.75	-8.56	-152.94	0.47	-2.49	-5.75	
107	202.88	-8.25	-153.13	-0.05	0.40	-0.45	
108	203.25	-10.50	-156.94	0.25	-0.06	-0.19	
107	199.63	-14.81	-162.19	0.43	-0.86	0.16	
110	197.50	-18.37	-168.38	0.38	-0.96	0.49	
111	192.81	-17.75	-172.00	0.42	-0.59	0.76	
109	189.13	-11.00	-174.00	-1.02	0.90	0.86	
108	193.25	-14.81	-177.75	-0.42	1.98	0.82	
107	196.81	-17.56	178.38	0.34	1.54	0.16	
108	199.88	-19.12	-177.50	-0.76	1.67	-0.17	
109	198.25	-10.19	-150.13	-0.76	1.28	0.18	
110	34.38	-7.63	-114.81	-0.74	-0.47	0.86	
109	27.19	-7.31	-85.94	-0.89	0.12	0.78	
108	17.12	-4.88	-63.06	-1.36	0.67	0.73	
107	16.94	-1.44	-65.62	-1.33	-1.26	1.12	
108	18.69	-2.19	-59.69	-0.77	-1.91	0.66	
109	20.44	-3.06	-56.56	-0.76	-1.62	0.74	
108	21.44	-3.38	-55.94	-0.80	-1.59	1.11	
111	23.00	-3.50	-56.19	-0.50	-1.40	0.68	
107	25.12	-4.19	-57.50	-0.67	-1.28	0.70	
108	27.12	-6.56	-54.75	-0.72	-1.30	0.90	
107	29.00	-8.75	-54.88	-0.41	-1.30	0.59	
108	29.06	-10.00	-53.13	-0.44	-1.20	0.47	
109	29.44	-12.94	-51.94	-0.42	-0.58	0.50	
110	28.87	-18.56	-48.81	-0.29	-0.41	0.49	
107	27.06	-18.37	-52.69	-0.32	-0.80	0.64	
108	28.50	-17.00	-52.25	-0.35	-0.83	0.43	
107	27.75	-15.38	-50.94	-0.40	-1.06	-0.15	
110	26.75	-12.00	-49.38	-0.38	-1.03	-0.20	
111	25.44	-8.69	-47.88	-0.57	-1.00	-0.03	
109	24.37	-6.13	-47.88	-0.57	-1.12	0.01	
108	24.00	-5.25	-46.94	-0.32	-0.96	0.14	
107	22.94	-4.94	-45.94	-0.26	-0.78	0.17	
108	21.37	-3.38	-45.00	-0.28	-0.72	0.18	
107	19.06	0.00	-43.06	-0.35	-0.71	0.27	
110	16.94	3.25	-41.44	-0.23	-0.69	0.33	
109	15.56	5.38	-40.13	-0.38	-0.83	0.05	
108	13.00	6.75	-38.88	-0.55	-0.86	-0.15	
107	10.63	5.88	-37.19	-0.39	-0.66	0.01	
108	6.81	4.75	-36.94	-0.35	-0.40	0.01	
107	357.63	1.44	-36.19	-0.19	-0.50	0.19	
110	349.56	1.06	-33.38	-0.10	-0.75	0.27	
111	346.94	2.44	-31.06	-0.14	-0.68	-0.07	
107	344.94	4.63	-29.31	-0.10	-0.58	-0.09	
108	343.06	7.50	-27.37	-0.06	-0.71	-0.24	
109	340.81	10.50	-22.37	0.15	-0.86	-0.48	
108	346.38	24.12	7.13	-1.92	0.16	-2.38	
107	342.63	43.56	54.00	0.43	-1.18	-4.23	
110	289.56	36.88	113.44	4.64	-1.57	-0.63	
107	321.81	36.38	140.63	3.13	-0.28	3.78	
108	335.56	59.56	105.19	1.31	-1.64	2.57	
107	329.38	69.81	48.81	-0.44	-2.37	-1.34	
110	327.00	53.31	33.88	-0.71	-1.98	-4.26	
111	320.00	38.69	65.37	1.92	-1.21	-4.08	
111	340.69	45.44	128.06	4.68	-2.40	0.60	
108	38.44	48.13	178.75	3.70	-5.78	5.06	
107	50.56	43.25	-147.25	-1.54	-6.79	3.91	
110	319.88	73.19	-42.56	1.38	-7.03	-2.84	
109	287.63	-2.38	92.12	10.27	-5.75	-2.44	
110	43.88	40.94	-177.56	11.05	-8.13	5.15	
107	37.06	37.31	-128.19	8.51	-14.93	5.22	
108	307.44	36.25	-11.00	11.49	-15.88	-3.38	
111	88.81	22.19	147.38	16.74	-15.06	-1.24	
108	83.44	40.94	-122.81	15.23	-17.92	5.33	
111	2.69	36.19	-107.62	13.63	-19.69	1.95	
109	297.69	-2.81	87.25	19.07	-15.19	0.43	
108	89.00	55.31	-154.69	17.14	-15.47	3.94	
107	58.69	42.69	-95.50	7.61	-17.09	3.14	
110	342.38	26.19	4.50	8.60	-14.18	-4.83	
109	308.44	5.44	124.25	14.31	-9.89	-2.33	
108	103.56	51.94	-127.69	9.70	-10.26	2.25	
107	43.38	48.63	-67.62	6.00	-14.81	-1.46	
108	335.00	5.94	55.31	11.86	-11.81	-3.25	
109	102.06	12.75	150.25	13.46	-7.42	1.57	
111	105.06	53.19	-79.06	7.30	-9.75	1.26	
110	24.62	28.87	0.19	8.32	-12.84	-4.96	
109	305.69	-10.56	72.62	14.77	-8.43	-4.28	
108	93.81	27.94	160.50	12.62	-7.01	0.85	
107	86.44	53.13	-33.25	8.49	-8.93	-1.26	
108	4.94	-8.63	27.56	10.93	-7.78	-6.94	
109	295.13	-12.94	72.37	13.63	-4.50	-4.51	
110	88.56	81.06	172.13	11.23	-8.39	-1.36	
111	73.94	18.75	-30.87	9.07	-13.94	-4.14	
109	349.81	6.50	17.37	13.15	-13.41	-7.35	
108	110.31	17.12	140.06	18.71	-14.05	-0.29	
109	123.12	29.56	-74.56	13.57	-15.07	1.02	
110	19.62	15.56	3.50	12.10	-15.45	-5.77	
109	300.88	-7.31	112.81	19.19	-11.76	-1.49	
108	138.06	52.38	-108.44	14.50	-12.89	1.50	
107	60.00	9.06	-4.88	11.45	-17.01	-4.57	
108	335.50	-8.63	57.81	18.32	-13.70	-5.41	
111	93.50	51.25	162.31	16.33	-12.21	1.00	
110	111.69	28.81	-29.12	9.47	-11.89	-1.02	
111	19.44	3.06	27.19	11.84	-11.33	-6.64	
107	299.13	-10.25	110.56	15.74	-8.13	-2.02	
108	149.00	51.06	-104.50	9.34	-7.35	1.07	
107	72.37	21.50	11.88	8.70	-10.41	-2.57	
110	331.38	-5.75	49.19	13.96	-6.39	-4.77	
109	283.00	-5.88	124.69	12.60	-2.52	-1.25	
110	97.44	68.31	-43.50	9.66	-7.58	-0.87	
107	26.81	3.25	12.25	9.50	-11.31	-6.06	
108	326.69	-10.81	48.88	12.00	-5.96	-6.17	
111	27.00	41.44	122.87	10.46	-4.56	-0.19	
109	94.50	65.44	-91.75	2.88	-7.72	1.44	
108	16.37	47.81	-29.37	0.21	-13.35	-3.37	
107	340.00	-4.56	75.87	6.98	-10.26	-2.45	
108	313.88	21.37	123.50	6.99	-0.41	2.41	
107	352.50	49.06	145.81	-0.62	2.42	2.13	
108	66.50	40.06	41.81	-5.19	0.97	-3.35	
107	44.88	65.87	10.94	-4.65	1.16	-8.61	
110	352.13	26.50	64.25	-0.05	1.06	-7.85	
109	121.56	76.62	-47.25	1.76	-7.48	-4.39	
108	163.94	9.38	-111.81	-0.52	-12.63	-0.90	
107	12.38	38.69	-59.19	11.51	-9.52	-8.05	
108	66.44	46.75	112.00	22.91	-12.79	-7.65	
111	150.56	22.37	-69.87	14.14	-17.91	-0.85	
109	63.31	12.13	-84.69	15.39	-23.51	-5.87	
110	358.81	9.63	92.94	23.70	-21.54	-3.23	
107	134.94	56.75	-96.19	14.87	-15.86	0.78	
108	55.44	23.31	-65.06	15.02	-23.70	-3.72	
109	327.38	-5.19	87.06	25.23	-22.36	-5.16	
108	24.06	35.81	75.00	16.95	-7.21	-6.33	
107	39.88	42.81	-31.62	7.09	-5.99	-5.50	
110	60.63	6.56	-23.69	4.71	-9.19	-4.37	
107	50.25	38.94	27.06	3.65	-5.41	-7.24	
108	358.81	36.94	90.12	2.96	-1.79	-3.45	
111	5.19	44.31	73.12	2.20	-2.61	-2.50	
111	26.87	66.69	-82.00	-4.97	-10.00	-13.68	
110	85.44	83.19	-2.75	-7.22	-7.03	-14.11	
107	73.81	72.00	2.38	-0.35	-0.13	-5.05	
108	87.81	51.44	-30.87	1.74	-0.67	-7.98	
109	67.00	84.87	4.81	2.95	-2.86	-7.62	
110	38.88	8.00	80.00	2.44	-1.16	-4.48	
109	20.44	24.81	28.06	2.35	-0.08	-7.21	
110	22.62	45.06	17.81	2.32	-4.69	-7.66	
109	354.38	44.00	36.38	0.96	-5.27	-5.84	
109	1.69	45.25	20.50	0.34	-6.42	-5.05	
110	353.56	55.94	42.31	-0.79	-6.01	-3.82	
109	336.25	54.69	63.94	-2.36	-2.80	-2.65	
110	335.00	44.31	42.56	-2.57	-2.48	-3.56	
107	340.56	44.25	35.25	-2.33	-2.82	-5.13	
108	331.19	44.00	42.38	-2.05	-3.78	-4.75	
109	329.56	43.06	40.75	-1.73	-5.01	-4.16	
110	326.13	39.25	33.88	-1.65	-7.29	-3.79	
111	314.94	50.63	26.87	-2.60	-6.05	-2.67	
109	302.06	56.63	26.44	-4.10	-4.37	-0.85	
108	303.13	28.87	2.13	-5.71	-6.37	-2.46	
107	304.69	17.69	-8.69	-4.93	-6.75	-5.07	
108	309.63	35.38	-11.06	-1.13	-5.72	-2.03	
107	305.81	22.94	-9.50	-0.33	-5.78	-0.22	
110	305.38	32.19	-16.62	-1.95	-7.15	0.63	
109	286.31	55.06	-25.94	-1.58	-6.78	1.44	
108	273.00	77.56	8.88	-2.75	-3.91	0.55	
107	253.75	75.87	18.62	-4.14	-2.74	2.38	
108	253.06	80.94	9.88	-3.47	-2.85	4.63	
109	242.13	84.12	4.31	-2.75	-3.14	5.48	
111	215.13	74.62	115.50	-2.27	-1.68	5.10	
110	178.69	55.81	137.00	3.37	4.31	2.22	
107	241.00	56.06	174.19	4.37	3.15	3.25	
108	244.63	28.75	174.25	1.48	-2.52	6.13	
109	263.81	50.75	-164.94	2.12	-3.46	4.62	
110	233.44	37.19	162.25	2.03	-4.57	6.18	
109	137.06	29.94	123.06	4.20	-2.41	5.29	
108	97.19	24.19	114.25	4.70	1.15	2.54	
109	113.44	23.25	130.13	3.91	1.83	4.24	
110	138.06	32.19	127.87	3.42	0.49	5.08	
111	126.81	29.62	124.19	2.66	0.49	4.86	
107	167.50	41.69	135.44	1.41	-0.39	5.29	
110	167.13	42.06	132.56	0.64	-1.39	5.68	
107	175.69	40.06	140.06	0.91	-1.47	5.98	
108	170.94	46.81	139.38	0.67	-2.14	5.94	
107	163.56	48.94	130.63	0.03	-1.81	5.22	
110	171.94	46.06	135.00	0.37	-1.79	5.18	
109	157.75	42.13	134.88	0.95	-1.79	5.31	
110	173.69	45.44	133.44	0.45	-1.63	4.99	
109	184.19	47.38	140.63	-0.29	-2.26	5.12	
109	169.69	46.69	138.50	-0.29	-2.40	5.25	
110	186.06	51.25	140.06	-0.36	-2.64	4.94	
109	166.94	47.75	104.50	-0.33	-1.87	3.24	
110	171.75	48.56	94.87	-0.14	-0.56	1.11	
107	174.00	49.00	92.06	-0.21	-0.41	0.34	
108	179.44	47.31	91.25	-0.16	-0.11	0.09	
107	189.31	46.06	90.44	1.09	0.09	-0.01	
110	186.19	54.38	90.50	0.35	-0.84	-1.35	
111	172.44	44.63	92.44	-1.36	-0.87	-1.64	
109	186.88	43.44	99.31	-0.49	0.44	0.39	
108	178.00	43.13	96.75	0.26	0.71	0.85	
107	185.31	48.81	81.00	-0.03	0.33	-0.11	
108	190.25	52.88	79.87	-0.68	-0.18	-0.60	
109	187.44	50.63	92.81	-0.43	-0.48	0.01	
110	179.88	48.06	91.62	0.48	-0.56	0.63	
109	174.50	48.19	81.50	0.49	-0.09	-0.11	
108	173.44	48.38	79.19	0.06	0.33	-0.76	
107	173.50	50.31	89.12	0.14	0.05	-0.28	
108	185.75	52.88	96.69	-0.22	-0.30	0.31	
109	177.88	51.88	89.50	-0.49	-0.07	0.17	
111	177.31	47.94	83.06	0.48	0.15	-0.36	
110	181.63	45.69	87.56	0.21	0.16	0.06	
107	183.94	52.50	91.31	-0.69	-0.20	0.57	
108	179.31	50.38	86.06	-0.25	-0.42	0.15	
107	182.38	53.69	90.75	-0.30	-0.27	0.03	
108	160.69	46.94	92.87	0.09	-0.09	0.20	
107	166.00	41.69	85.00	0.79	0.53	-0.16	
110	166.63	45.19	82.19	0.79	0.51	-0.58	
107	162.69	47.38	95.25	0.09	0.32	-0.41	
108	203.63	58.38	90.62	-0.75	-0.29	-0.16	
107	204.44	60.94	75.06	-0.74	-1.37	-0.14	
110	171.00	51.25	89.25	-0.26	-0.63	-0.36	
111	218.75	38.81	103.56	1.03	2.09	2.03	
109	233.56	33.81	71.94	0.61	1.07	3.57	
108	232.13	32.00	70.87	-0.95	-1.94	1.25	
107	233.31	31.31	72.00	-0.53	-1.54	0.45	
110	238.19	34.13	72.12	-0.28	-0.56	0.69	
109	239.00	34.19	72.06	-0.28	-0.16	0.45	
108	241.81	32.88	72.44	0.01	-0.06	0.60	
107	252.81	34.13	77.19	-0.57	-0.12	0.29	
108	251.94	38.13	76.50	-0.12	-0.67	-0.26	
107	238.38	37.06	86.37	0.80	-0.41	0.20	
108	234.13	43.63	82.75	1.11	-1.11	0.00	
107	228.75	45.81	88.69	0.53	-1.35	-0.31	
110	222.50	46.94	86.31	-0.37	-0.08	0.41	
111	222.81	50.00	82.81	-0.00	0.00	0.27	
107	216.81	49.56	90.94	0.30	0.15	0.13	
108	221.69	50.06	71.50	1.41	-3.18	0.41	
109	217.50	56.75	64.56	1.72	-5.92	-0.08	
108	163.31	41.88	93.19	-0.92	-0.38	-0.61	
107	234.50	61.94	126.12	-0.89	0.35	0.53	
110	243.88	60.94	96.81	2.75	-4.35	1.84	
107	144.06	-17.31	95.56	10.00	-3.48	2.14	
108	21.31	-54.38	169.88	13.29	-1.74	3.47	
107	274.44	-33.44	-173.31	11.66	-6.86	3.86	
110	110.87	50.81	140.63	19.94	-22.88	1.13	
111	160.56	5.50	-26.25	18.92	-14.17	-9.57	
111	157.94	56.81	73.06	8.47	-4.77	-9.44	
108	232.31	6.25	153.56	5.75	-8.31	3.98	
109	197.50	0.37	-147.00	4.77	-7.14	5.42	
110	180.63	61.50	-52.06	9.74	-19.82	-2.01	
109	112.75	-11.13	65.19	14.21	-15.69	-3.41	
112	34.56	-24.81	128.94	11.11	-0.77	1.68	
109	206.50	35.56	-178.94	7.33	-4.56	4.99	
108	185.81	30.87	-177.31	-2.99	-7.01	0.55	
111	165.19	11.63	-162.88	-5.83	-5.88	-4.28	
109	171.00	-0.75	-157.69	0.94	-8.43	-4.90	
110	205.13	-40.56	-170.06	3.23	-4.31	-1.77	
107	198.38	-64.12	-105.25	3.78	-1.12	3.61	
108	195.63	-46.44	-152.50	-1.55	-5.29	3.49	
107	146.38	4.19	176.50	-3.69	-7.58	-0.37	
110	205.50	57.00	-112.50	-1.23	-9.42	-4.60	
111	186.94	78.19	-114.06	-0.93	-8.88	-4.33	
111	162.56	59.13	161.00	-0.82	-4.72	-1.30	
108	189.69	70.94	35.69	0.74	-6.11	-2.71	
107	137.25	26.87	23.25	3.44	-5.22	-6.43	
110	95.06	9.25	39.00	3.77	-0.34	-7.14	
109	123.75	35.56	100.75	5.22	-1.64	-2.20	
108	222.63	51.69	-126.37	7.09	-11.78	2.90	
107	282.94	0.25	-127.06	6.51	-15.43	4.08	
108	109.81	25.56	-143.56	6.61	-9.64	3.65	
107	189.81	56.94	98.31	5.32	-8.92	-0.74	
108	110.69	-7.44	110.50	7.34	-5.22	-1.86	
107	113.37	-29.25	49.69	10.37	-0.03	-3.40	
110	173.81	23.06	20.87	12.09	-6.96	-6.21	
111	226.19	66.12	-163.63	9.82	-13.91	-1.08	
109	202.75	16.94	-153.06	3.10	-11.57	5.13	
108	265.38	27.56	-133.69	1.23	-10.10	5.89	
109	184.88	69.69	-114.31	1.80	-12.83	2.53	
110	156.31	43.00	60.75	3.74	-9.84	-1.19	
109	162.25	27.69	86.69	3.78	-1.98	-2.11	
108	165.19	35.81	52.69	1.17	1.44	-3.46	
107	163.13	45.88	25.87	0.76	-1.52	-5.75	
110	169.13	63.38	44.19	1.55	-6.09	-4.21	
111	200.31	71.87	-170.81	0.23	-8.27	0.27	
109	245.06	38.44	-140.13	-1.12	-8.71	4.10	
110	221.88	48.19	-130.31	0.14	-9.99	4.16	
107	170.50	70.44	46.38	1.95	-10.46	0.36	
108	153.69	28.81	70.19	3.03	-5.17	-2.90	
109	159.50	23.81	58.38	2.45	0.94	-4.28	
108	161.94	38.94	36.06	2.23	-0.62	-5.31	
107	175.69	67.94	43.75	2.86	-6.37	-3.93	
110	217.81	69.87	-139.06	0.37	-9.00	-0.17	
107	247.44	40.31	-135.13	-2.17	-8.64	3.14	
108	204.63	60.63	-132.19	-0.28	-9.77	3.37	
109	175.25	53.06	49.56	2.32	-9.06	-0.91	
108	154.56	22.69	66.31	4.61	-3.80	-3.76	
111	143.69	15.94	59.69	4.09	0.91	-4.36	
109	169.88	50.94	45.88	2.97	-2.18	-4.69	
108	204.75	78.56	-133.94	2.41	-8.61	-1.47	
107	234.25	45.63	-139.19	-0.34	-9.97	2.76	
110	225.38	46.44	-133.00	-1.15	-9.52	3.92	
109	180.94	83.56	0.37	1.62	-10.84	1.08	
108	156.00	28.94	68.31	4.38	-6.56	-2.25	
107	143.94	4.94	82.56	4.28	1.94	-2.57	
108	151.13	11.94	66.75	3.50	4.16	-3.09	
109	170.50	59.13	41.06	4.65	-3.39	-3.67	
111	221.75	64.19	-126.12	3.41	-11.01	-0.54	
110	256.25	35.31	-133.56	-0.36	-10.82	3.22	
109	211.38	52.75	-141.13	-0.22	-10.09	3.91	
108	180.75	58.75	43.13	2.75	-10.09	-0.17	
107	153.25	16.44	77.00	4.92	-4.36	-3.18	
110	136.75	1.63	75.06	4.35	2.79	-3.44	
109	168.81	29.12	48.50	4.68	-0.55	-4.81	
110	208.69	79.75	-61.44	4.73	-9.43	-2.80	
111	262.06	44.06	-125.06	0.22	-11.30	1.36	
107	241.00	46.69	-127.75	-2.04	-9.29	2.76	
108	188.81	68.00	18.62	0.86	-8.95	-0.43	
109	171.25	24.06	70.06	4.03	-5.36	-3.62	
108	182.31	35.44	61.69	3.23	-0.44	-3.93	
107	186.63	51.44	53.81	-1.20	0.65	-4.36	
110	219.94	72.75	-26.37	-1.23	-5.02	-3.34	
107	240.63	61.06	-48.56	1.80	-10.62	-3.03	
108	178.38	24.50	53.44	6.92	-9.23	-4.13	
109	101.87	-39.44	95.00	10.59	-1.27	-1.95	
108	39.81	-39.06	146.00	7.68	4.09	2.90	
107	213.13	62.38	79.19	-2.44	2.15	7.79	
110	221.63	51.75	-65.69	-1.50	-8.80	2.44	
109	165.50	16.94	-5.50	8.09	-16.18	-8.06	
109	170.38	18.25	108.81	8.32	-8.39	-4.09	
110	238.06	39.94	-173.63	6.14	-6.76	4.54	
109	249.38	32.69	-136.44	6.37	-13.16	5.25	
110	172.44	32.56	14.00	9.27	-16.05	-2.18	
107	171.19	12.63	116.31	7.34	-7.22	-1.93	
108	287.88	5.88	172.13	2.80	0.29	6.50	
107	231.50	56.06	-173.56	4.75	-9.05	6.78	
110	205.81	29.44	-14.75	9.30	-15.34	0.43	
111	183.50	-2.81	66.81	11.87	-9.34	-4.17	
109	239.63	55.63	106.56	7.03	-3.95	-1.20	
108	286.31	49.19	-149.63	0.69	-6.72	3.32	
107	301.69	29.81	-116.87	2.65	-12.41	3.13	
110	220.19	46.56	-3.06	8.31	-15.23	-2.35	
109	191.06	6.75	94.00	9.96	-7.34	-2.52	
110	138.00	-17.44	114.37	7.32	3.40	1.74	
109	164.81	-10.31	101.62	6.99	3.98	1.03	
108	212.81	52.88	44.75	10.20	-5.91	-1.22	
109	302.75	34.94	-101.94	8.70	-15.14	-0.55	
111	338.94	11.69	-89.44	2.08	-13.38	-0.41	
110	238.81	74.81	-103.69	4.65	-12.88	-2.16	
109	155.81	69.00	50.75	7.41	-12.19	-2.06	
108	235.38	33.00	26.44	1.42	-5.02	-4.42	
107	241.75	33.75	36.69	-4.36	0.15	-1.52	
110	224.31	6.44	27.19	2.03	-7.24	0.91	
109	210.63	-6.94	15.44	5.62	-12.00	-1.12	
110	216.50	8.56	35.13	-0.66	-2.41	-2.47	
111	224.44	25.81	38.88	-2.97	5.63	-5.12	
107	215.56	23.12	12.69	2.23	-4.21	3.36	
108	202.44	1.37	28.94	6.05	-8.68	2.12	
109	184.25	-19.06	29.81	3.66	2.94	-12.08	
108	173.31	-18.19	-12.75	-1.84	3.20	2.92	
107	180.81	-25.12	-13.56	-3.70	-3.98	12.38	
110	194.00	-27.87	3.88	1.97	-4.81	-5.32	
107	195.19	-7.81	1.25	4.02	-4.88	-0.27	
108	199.13	-10.63	6.38	2.64	-6.12	5.91	
109	202.75	-13.69	13.56	1.88	-4.35	-4.40	
108	205.38	-21.19	7.69	2.01	-3.72	-4.47	
107	203.06	-12.25	5.31	2.20	-5.44	-0.54	
110	199.31	-11.31	5.13	3.52	-5.00	-3.08	
109	190.25	-30.50	51.06	4.98	-1.65	-7.48	
109	180.88	-37.00	114.94	5.13	0.15	-7.35	
110	71.94	-23.00	149.00	4.90	1.32	-2.46	
109	66.37	-7.50	172.00	5.16	2.66	2.41	
110	67.56	2.38	-171.19	5.13	2.59	2.55	
107	69.12	4.13	-175.13	4.09	1.96	2.87	
108	69.94	1.81	177.63	3.95	1.96	3.82	
107	158.88	-14.94	-0.06	4.36	1.00	1.35	
108	178.50	-46.19	30.25	5.45	0.05	-1.11	
111	178.56	-26.12	-14.81	2.02	0.05	-1.11	
108	181.63	-27.00	-35.00	-3.44	-3.61	1.43	
109	186.75	-42.94	-42.81	-1.97	-6.45	5.52	
107	184.75	-59.31	-38.75	0.61	-4.86	7.59	
108	174.44	-14.88	-0.06	1.36	-2.02	3.50	
109	161.06	-0.06	-0.06	-0.23	-0.01	-0.01	
108	155.00	-37.56	6.56	-2.21	-1.48	-0.61	
107	156.25	-0.06	-0.06	-1.78	-2.18	-3.05	
108	160.00	-52.44	-21.25	-3.67	-3.48	-3.14	
107	170.75	-71.37	-53.31	-3.07	-5.40	2.00	
108	178.63	-81.12	-88.19	3.13	-4.09	6.36	
109	169.19	-77.69	-65.75	3.00	-3.75	4.99	
108	157.31	-51.56	-26.00	-4.45	-4.84	1.50	
111	154.13	-14.06	-7.63	-6.18	-4.22	-2.37	
110	154.06	-9.38	-10.25	-5.41	-3.85	-4.24	
109	162.25	-26.12	-7.06	-4.24	-4.52	-1.06	
107	173.06	-0.06	-0.06	0.04	-4.34	4.00	
110	173.31	-12.13	-0.06	2.75	-2.02	3.36	
109	166.00	-42.38	-7.19	0.75	-0.01	-0.01	
110	162.81	-20.62	-11.50	-1.62	-2.32	-1.40	
107	156.94	-21.00	-6.88	-1.58	-4.85	-3.84	
108	154.31	-34.75	-20.12	-2.85	-5.21	-0.67	
107	154.63	-31.87	-13.81	-2.03	-5.43	0.73	
110	150.88	-32.94	-15.25	-1.48	-5.32	-1.14	
111	147.56	-30.31	-18.31	-3.72	-4.93	2.00	
109	142.94	-37.56	-28.37	-2.97	-4.97	0.69	
108	140.75	-39.63	-33.56	-1.60	-4.79	-1.62	
107	140.06	-36.75	-30.87	-1.80	-5.25	-1.19	
108	138.44	-38.44	-34.31	-2.78	-4.89	-0.18	
109	137.50	-35.38	-30.06	-3.01	-4.42	0.11	
110	137.56	-36.13	-28.19	-1.31	-5.07	-1.97	
109	135.56	-28.37	-26.94	-1.95	-5.19	-0.52	
108	133.38	-24.19	-54.19	-2.25	-6.93	-0.21	
107	120.50	-3.31	-92.50	-4.11	1.97	0.50	
108	116.44	-2.13	-116.62	-5.88	2.22	3.96	
109	291.81	6.19	-138.31	-4.68	-7.02	5.11	
111	303.06	21.25	-154.81	-2.38	0.31	-3.06	
110	302.50	12.00	-161.44	-3.55	3.74	-1.37	
107	303.44	23.00	-175.31	-2.08	2.21	-2.65	
108	303.69	14.63	-177.38	-1.63	3.65	-3.97	
109	300.13	14.19	-170.38	-5.51	0.57	7.11	
110	299.38	19.94	-166.06	-3.97	0.06	2.74	
109	296.81	4.38	-146.19	-5.52	-3.48	7.79	
108	299.50	20.00	-147.19	-1.83	1.69	-1.00	
109	294.81	11.56	-159.31	-0.91	4.68	-6.15	
108	77.44	11.63	-125.31	-5.04	-6.48	5.64	
111	92.94	9.56	-84.81	-4.19	-3.40	1.82	
109	101.00	8.69	-108.69	-4.43	-1.36	3.53	
110	303.69	15.06	-154.94	-3.49	-2.51	2.70	
107	305.94	18.37	-171.69	-3.14	1.59	1.87	
108	303.38	16.50	-169.38	-4.96	1.96	5.10	
109	300.69	11.31	-164.56	-5.90	0.07	7.54	
108	300.31	21.87	-164.88	-5.48	0.54	4.75	
111	295.63	14.63	-162.88	-5.69	0.84	2.91	
110	296.44	17.56	-161.25	-4.74	1.08	2.75	
109	293.00	15.63	-154.31	-3.62	2.40	-0.11	
107	288.25	14.19	-148.19	-4.12	1.86	0.45	
110	285.94	10.38	-144.38	-3.58	0.67	0.12	
109	285.94	6.50	-139.94	-4.13	-0.78	1.33	
110	92.56	4.56	-135.00	-4.68	-0.25	1.32	
107	100.31	2.94	-135.06	-3.58	0.90	-0.03	
108	287.94	0.75	-135.50	-4.63	-0.87	2.35	
107	114.06	-3.00	-133.13	-5.13	-1.48	3.68	
110	122.56	-6.88	-133.75	-3.83	-0.95	2.88	
111	121.25	-8.00	-130.06	-3.53	-2.05	2.96	
109	126.06	-9.81	-130.69	-4.31	-3.89	4.55	
108	121.44	-8.81	-124.00	-3.86	-0.86	3.08	
107	135.06	-16.94	-124.06	-4.10	-2.32	3.04	
108	135.50	-19.87	-114.31	-3.00	-3.49	4.24	
109	133.88	-16.56	-115.75	-2.62	-0.78	2.49	
110	137.13	-17.69	-117.19	-4.32	-4.90	3.54	
109	131.75	-14.19	-112.81	-3.66	-1.94	2.85	
108	130.75	-11.94	-114.37	-3.56	-0.23	2.22	
107	129.75	-11.81	-110.50	-3.18	0.18	2.33	
108	133.94	-14.13	-111.94	-3.81	-1.31	2.73	
109	136.38	-13.81	-111.25	-3.19	-1.59	2.86	
111	137.81	-15.44	-104.75	-2.25	0.61	2.44	
110	143.56	-20.56	-105.75	-3.68	-6.44	3.93	
107	137.19	-14.19	-104.37	-2.35	-2.40	2.85	
108	141.56	-16.56	-102.94	-2.36	0.59	2.33	
109	147.19	-19.19	-101.12	-2.94	-8.05	4.17	
